00000000000000000000000000000000000000000000000000010000000
00000000000000000000000000000000000000000000000000111000000
00000000000000000000000000000000000000000000000000111110000
00000000000000000000000000000000000000000000000001111111000
00000000000000000000000000000000000000000000000011111111100
00000000000000000000000000000000000000000000000111111111110
00000000000000000000000000000000000000000000000111111111110
00000000000000000000000000000000000000000000001111111111100
00000000000000000000000000000000000000000000011111111111100
00000000000000000000000000000000000000000000011111111111000
00000000000000000000000000000000000000000000111111111110000
00000000000000000000000000000000000000000001111111111110000
00000000000000000000000000000000000000000001111111111100000
00000000000000000000000000000000000000000011111111111100000
00000000000000000000000000000000000000000011111111111000000
00000000000000000000000000000000000000000111111111110000000
00000000000000000000000000000000000000000111111111110000000
00000000000000000000000000000000000000001111111111100000000
00000000000000000000000000000000000000001111111111100000000
00000000000000000000000000000000000000011111111111000000000
00000000000000000000000000000000000000011111111111000000000
00000000000000000000000000000000000000111111111111000000000
00000000000000000000000000000000000000111111111110000000000
00000000000000000000000000000000000001111111111110000000000
00000000000000000000000000000000000001111111111100000000000
00000000000000000000000000000000000001111111111100000000000
00000000000000000000000000000000000011111111111100000000000
00000111111100000000000000000000000011111111111000000000000
00011111111111000000000000000000000011111111111000000000000
00111111111111100000000000000000000111111111111000000000000
01111111111111110000000000000000000111111111110000000000000
11111111111111111000000000000000000111111111110000000000000
11111111111111111000000000000000000111111111110000000000000
11111111111111111000000000000000001111111111110000000000000
11111111111111111100000000000000001111111111100000000000000
11111111111111111100000000000000001111111111100000000000000
11111111111111111100000000000000001111111111100000000000000
11111111111111111000000000000000001111111111100000000000000
11111111111111111000000000000000001111111111100000000000000
01111111111111111000000000000000011111111111000000000000000
01111111111111110000000000000000011111111111000000000000000
00111111111111100000000000000000011111111111000000000000000
00011111111111000000000000000000011111111111000000000000000
00000111111100000000000000000000011111111111000000000000000
00000000000000000000000000000000011111111111000000000000000
00000000000000000000000000000000011111111111000000000000000
00000000000000000000000000000000011111111111000000000000000
00000000000000000000000000000000111111111110000000000000000
00000000000000000000000000000000111111111110000000000000000
00000000000000000000000000000000111111111110000000000000000
00000000000000000000000000000000111111111110000000000000000
00000000000000000000000000000000111111111110000000000000000
00000000000000000000000000000000111111111110000000000000000
00000000000000000000000000000000111111111110000000000000000
00000000000000000000000000000000111111111110000000000000000
00000000000000000000000000000000111111111110000000000000000
00000000000000000000000000000000111111111110000000000000000
00000000000000000000000000000000111111111110000000000000000
00000000000000000000000000000000111111111110000000000000000
00000000000000000000000000000000111111111110000000000000000
00000000000000000000000000000000111111111110000000000000000
00000000000000000000000000000000111111111110000000000000000
00000000000000000000000000000000111111111110000000000000000
00000000000000000000000000000000111111111110000000000000000
00000000000000000000000000000000111111111110000000000000000
00000000000000000000000000000000011111111111000000000000000
00000000000000000000000000000000011111111111000000000000000
00000000000000000000000000000000011111111111000000000000000
00000000000000000000000000000000011111111111000000000000000
00000000000000000000000000000000011111111111000000000000000
00000000000000000000000000000000011111111111000000000000000
00000000000000000000000000000000011111111111000000000000000
00000000000000000000000000000000011111111111000000000000000
00000000000000000000000000000000011111111111100000000000000
00000000000000000000000000000000001111111111100000000000000
00000000000000000000000000000000001111111111100000000000000
00000001110000000000000000000000001111111111100000000000000
00001111111110000000000000000000001111111111100000000000000
00011111111111100000000000000000001111111111110000000000000
00111111111111110000000000000000000111111111110000000000000
01111111111111110000000000000000000111111111110000000000000
11111111111111111000000000000000000111111111111000000000000
11111111111111111000000000000000000111111111111000000000000
11111111111111111000000000000000000011111111111000000000000
11111111111111111100000000000000000011111111111100000000000
11111111111111111100000000000000000011111111111100000000000
11111111111111111000000000000000000001111111111100000000000
11111111111111111000000000000000000001111111111110000000000
11111111111111111000000000000000000001111111111110000000000
01111111111111110000000000000000000000111111111110000000000
00111111111111110000000000000000000000111111111111000000000
00111111111111100000000000000000000000111111111111000000000
00001111111110000000000000000000000000011111111111100000000
00000011111000000000000000000000000000011111111111100000000
00000000000000000000000000000000000000001111111111110000000
00000000000000000000000000000000000000001111111111110000000
00000000000000000000000000000000000000000111111111111000000
00000000000000000000000000000000000000000111111111111000000
00000000000000000000000000000000000000000011111111111100000
00000000000000000000000000000000000000000001111111111110000
00000000000000000000000000000000000000000001111111111110000
00000000000000000000000000000000000000000000111111111111000
00000000000000000000000000000000000000000000111111111111000
00000000000000000000000000000000000000000000011111111111100
00000000000000000000000000000000000000000000001111111111110
00000000000000000000000000000000000000000000000111111111110
00000000000000000000000000000000000000000000000111111111111
00000000000000000000000000000000000000000000000011111111110
00000000000000000000000000000000000000000000000001111111100
00000000000000000000000000000000000000000000000000111111000
00000000000000000000000000000000000000000000000000011110000
00000000000000000000000000000000000000000000000000011000000

000000000000000000000000000000000000000000000000000000000000000000000000000000000000000000000000000000011000000000000000000000000000001000000000000000000000000000000000000000000000000000000000000000000000000000000001110000000000000000000000000000000000000000000000000000000000000000000000000000000000000000000000000000000000000000000000000000000000000000000011110000000000000000111000000000000000000000000000000000000000000000000000000000000001110000000000000000000000000000000000000000000000000000000000000000000000000000000011100000000000000011110000000000000000000000000000000000000000
111100000000000111000000000000000000000000000000000000000000000000000000000000000111100000000000000111111111110000001110000000000111111111100000000000000000000000000000000000000000000000000000000000000000000000000001110000000000000000000000000000000000000000000000000000000000000000000000000000000000000000000000000000000000000000000000000000000000000000000011110000000000000000111000000000000000000000000000000000000000000000000000000000000001110000000000000000000000000000000000000000000000000000000000000000000000000000000011100000000000000011110000000000000000000000001110000000000000
011100000000001111000000000000000000000000000000000000000000000000000000000000000111110000000000001111111111110000001110000000001111111111111000000000000000000000000000000000000000000000000000000000000000000000000001110000000000000000000000011110000000000000000000000000000000000000000000000000000000000000000000000000000000000000000000000000000000000000000011110000000000000000111000000000000000000000000000000000000000000000000000000000000001110000111100000000000000000000000000000000000000000000000000000000000000000000000011100000000000000011110000000000000000000000001110000111100000
011110000000011110000000000000000000000000000000000000000000000000000000000000001111110000000000011111100111110000001110000000011111110111111100000000000000000000000000000000000000000000000000000000000000000000000001110000000000000000000000011110000000000000000000000000000000000000000000000000000000000000000000000000000000000000000000000000000000000000000011110000000000000000111000000000000000000000000000000000000000000000000000000000000001110000111100000000000000000000000000000000000000000000000000000000000000000000000011100000000000000011110000000000000000000000001110000111100000
001111000000011100000000000000000000000000000000000000000000000000000000000000001111111000000000111100000000010000001110000000111100000000011100000000000000000000000000000000000000000000000000000000000000000000000000000000000000000000000000011110000000000000000000000000000000000000000000000000000000000000000000000000000000000000000000000000000000000000000011110000000000000000111000000000000000000000000000000000000000000000000000000000000000000000111100000000000000000000000000000000000000000000000000000000000000000000000011100000000000000011110000000000000000000000001110000111100000
000111000000111100000000000000000000000000000000000000000000000000000000000000001110111000000000111000000000000000001110000001111000000000001100000000000000000000000000000000000000000000000000000000000000000000000000000000000000000000000000011110000000000000000000000000000000000000000000000000000000000000000000000000000000000000000000000000000000000000000011110000000000000000111000000000000000000000000000000000000000000000000000000000000000000000111100000000000000000000000000000000000000000000000000000000000000000000000011100000000000000011110000000000000000000000001110000111100000
000111100001111000001111110000000001100000000011000000110001111000000000000000011110111000000000111000000000000000001110000001110000000000000000000000000000110001111000001111111000000000110001111100000000000000000001100000011000111110000000111111111100000001111110000000000000000000001111111000000000000000000011000111110000000001100011110000001111110000000011110011111000000000111000000001111111000000001100011111000000111110000000000000000001100001111111111000000000000000000111111000000000111111000000000110000000001100000011100000000111110011110000011000111110000000001110001111111111
000011110001110000111111111100000011110000000111100001111111111100000000000000011100111100000000111000000000000000001110000011110000000000000000000000000001111111111100111111111110000001111011111111000000000000000001110000111101111111100000111111111100000111111111100000000000000000111111111110000000000000000111111111111100000011111111111000111111111100000011111111111110000000111000000011111111100000011111111111100011111111000000000000000001110001111111111000000000000000011111111110000011111111110000001111000000011110000011100000011111111111110000111101111111100000001110001111111111
000001110011110001111111111110000011110000000111100001111111111100000000000000111100011100000000111100000000000000001110000011110000000000000000000000000001111111111100111111111111000001111111111111100000000000000001110000111111111111110000111111111100001111111111110000000000000000111111111111000000000000000111111111111110000011111111111001111111111110000011111111111111000000111000000111111111110000011111111111110111111111100000000000000001110001111111111000000000000000111111111110000111111111111000001111000000011110000011100000111111111111110000111111111111110000001110001111111111
000001111111100001111000001111000011110000000111100001111110000000000000000000111100011100000000111111000000000000001110000011100000000000000000000000000001111110000000100000001111000001111110000111100000000000000001110000111111000011110000011110000000001111000001111000000000000000100000001111000000000000000111111000011110000011111100000001111000001111000011111100001111000000111000001111000001111000011111100001111110000011100000000000000001110000111100000000000000000001111000000110000111100000111100001111000000011110000011100000111100001111110000111111000011110000001100000111100000
000000111111000011110000001111000011110000000111100001111100000000000000000000111000011110000000011111111100000000001110000011100000000000000000000000000001111100000000000000000111100001111100000011100000000000000001110000111110000001110000011110000000011110000001111000000000000000000000000111100000000000000111110000001111000011111000000011110000001111000011111000000111100000111000011110000000111100011111000000111100000011110000000000000001110000111100000000000000000011110000000000001111000000111100001111000000011110000011100001111000000111110000111110000001110000000000000111100000
000000011111000011100000000111100011110000000111100001111000000000000000000001111000001110000000001111111111100000001110000111100000000000000000000000000001111000000000000000000011100001111000000011110000000000000001110000111100000001111000011110000000011100000000111100000000000000000000000011100000000000000111100000000111000011110000000011100000000111100011110000000011100000111000011100000000011100011110000000111100000001110000000000000001110000111100000000000000000011100000000000001110000000011110001111000000011110000011100001110000000011110000111100000001111000000000000111100000
000000011110000011100000000111100011110000000111100001111000000000000000000001110000001111000000000011111111110000001110000111100000000000000000000000000001111000000000000011111111100001111000000011110000000000000001110000111100000001111000011110000000011100000000111100000000000000000011111111100000000000000111100000000111000011110000000011100000000111100011110000000011100000111000011100000000011100011110000000111000000001110000000000000001110000111100000000000000000011100000000000001110000000011110001111000000011110000011100001110000000011110000111100000001111000000000000111100000
000000011110000111100000000111100011110000000111100001111000000000000000000001110000001111000000000000001111111000001110000111100000000000000000000000000001111000000000011111111111100001111000000011110000000000000001110000111100000001111000011110000000111100000000111100000000000000011111111111100000000000000111100000000111100011110000000111100000000111100011110000000011110000111000111111111111111100011110000000111000000001110000000000000001110000111100000000000000000111100000000000011110000000011110001111000000011110000011100011110000000011110000111100000001111000000000000111100000
000000011110000111100000000011100011110000000111100001111000000000000000000011110000000111000000000000000001111000001110000011100000000000000000000000000001111000000000111111111111100001111000000011110000000000000001110000111100000001111000011110000000111100000000011100000000000000111111111111100000000000000111100000000111100011110000000111100000000011100011110000000011110000111000111111111111111100011110000000111000000001110000000000000001110000111100000000000000000111100000000000011110000000001110001111000000011110000011100011110000000011110000111100000001111000000000000111100000
000000011110000111100000000011100011110000000111100001111000000000000000000011111111111111100000000000000000111000001110000011110000000000000000000000000001111000000001111000000011100001111000000011110000000000000001110000111100000001111000011110000000111100000000011100000000000001111000000011100000000000000111100000000111100011110000000111100000000011100011110000000011110000111000111111111111111100011110000000111000000001110000000000000001110000111100000000000000000111100000000000011110000000001110001111000000011110000011100011110000000011110000111100000001111000000000000111100000
000000011110000111100000000111100011110000000111100001111000000000000000000111111111111111100000000000000000111100001110000011110000000000000000000000000001111000000001110000000011100001111000000011110000000000000001110000111100000001111000011110000000111100000000111100000000000001110000000011100000000000000111100000000111100011110000000111100000000111100011110000000011110000111000111100000000000000011110000000111000000001110000000000000001110000111100000000000000000111100000000000011110000000011110001111000000011110000011100011110000000011110000111100000001111000000000000111100000
000000011110000011100000000111100011110000000111100001111000000000000000000111111111111111100000000000000000111100001110000011110000000000000000000000000001111000000001110000000111100001111000000011110000000000000001110000111100000001111000001110000000011100000000111100000000000001110000000111100000000000000111100000000111000011110000000011100000000111100011110000000011100000111000011100000000000000011110000000111000000001110000000000000001110000011100000000000000000011100000000000001110000000011110001111000000011110000011100001110000000011110000111100000001111000000000000011100000
000000011110000011110000000111000011110000000111100001111000000000000000000111000000000011110000000000000000111000001110000001111000000000000000000000000001111000000001110000000111100001111000000011110000000000000001110000111100000001111000001110000000011110000000111000000000000001110000000111100000000000000111100000000111000011110000000011110000000111000011110000000011100000111000011110000000000000011110000000111000000001110000000000000001110000011100000000000000000011110000000000001111000000011100001111000000011110000011100001110000000011110000111100000001111000000000000011100000
000000011110000011110000001111000001110000001111100001111000000000000000001111000000000001110000110000000001111000001110000000111100000000011100000000000001111000000001110000001111100001111000000011110000000000000001110000111100000001111000001110000000011110000001111000000000000001110000001111100000000000000111110000001111000011110000000011110000001111000011111000000111100000111000011110000000000000011110000000111000000001110000000000000001110000011100000000000000000011110000000000001111000000111100000111000000111110000011100001111000000111110000111100000001111000000000000011100000
000000011110000001111000011110000001111000011111100001111000000000000000001111000000000001111000111110000111111000001110000000111111100011111100000000000001111000000001111000011111100001111000000011110000000000000001110000111100000001111000001111111100001111000011110000000000000001111000011111100000000000000111111000011110000011110000000001111000011110000011111100001111000000111000001111100000111100011110000000111000000001110000000000000001110000011111111000000000000001111100001110000111100001111000000111100001111110000011100000111100001111110000111100000001111000000000000011111111
000000011110000000111111111110000000111111111111100001111000000000000000001110000000000001111000111111111111110000001110000000011111111111111000000000000001111000000000111111111111100001111000000011110000000000000001110000111100000001111000001111111100000111111111110000000000000000111111111111100000000000000111111111111100000011110000000000111111111110000011111111111110000000111000000111111111111100011110000000111000000001110000000000000001110000011111111000000000000000111111111110000011111111111000000011111111111110000011100000011111111111110000111100000001111000000000000011111111
000000011110000000011111111000000000011111110111100001111000000000000000011110000000000000111000011111111111100000001110000000000111111111110000000000000001111000000000011111110011100001111000000011110000000000000001110000111100000001111000000111111100000011111111000000000000000000011111110011100000000000000111101111111000000011110000000000011111111000000011110111111100000000111000000011111111111000011110000000111000000001110000000000000001110000001111111000000000000000011111111110000001111111100000000001111111011110000011100000001111111011110000111100000001111000000000000001111111
000000000000000000000111100000000000000111000000000000000000000000000000000000000000000000000000000001111100000000000000000000000000111110000000000000000000000000000000000111000000000000000000000000000000000000000000000000000000000000000000000000000000000000111100000000000000000000000111000000000000000000000111100011100000000000000000000000000111100000000000000001110000000000000000000000011111000000000000000000000000000000000000000000000000000000000000000000000000000000000011110000000000011110000000000000011100000000000000000000000011100000000000000000000000000000000000000000000000
000000000000000000000000000000000000000000000000000000000000000000000000000000000000000000000000000000000000000000000000000000000000000000000000000000000000000000000000000000000000000000000000000000000000000000000000000000000000000000000000000000000000000000000000000000000000000000000000000000000000000000000111100000000000000000000000000000000000000000000000000000000000000000000000000000000000000000000000000000000000000000000000000000000000000000000000000000000000000000000000000000000000000000000000000000000000000000000000000000000000000000000000000000000000000000000000000000000000
000000000000000000000000000000000000000000000000000000000000000000000000000000000000000000000000000000000000000000000000000000000000000000000000000000000000000000000000000000000000000000000000000000000000000000000000000000000000000000000000000000000000000000000000000000000000000000000000000000000000000000000111100000000000000000000000000000000000000000000000000000000000000000000000000000000000000000000000000000000000000000000000000000000000000000000000000000000000000000000000000000000000000000000000000000000000000000000000000000000000000000000000000000000000000000000000000000000000
000000000000000000000000000000000000000000000000000000000000000000000000000000000000000000000000000000000000000000000000000000000000000000000000000000000000000000000000000000000000000000000000000000000000000000000000000000000000000000000000000000000000000000000000000000000000000000000000000000000000000000000111100000000000000000000000000000000000000000000000000000000000000000000000000000000000000000000000000000000000000000000000000000000000000000000000000000000000000000000000000000000000000000000000000000000000000000000000000000000000000000000000000000000000000000000000000000000000
000000000000000000000000000000000000000000000000000000000000000000000000000000000000000000000000000000000000000000000000000000000000000000000000000000000000000000000000000000000000000000000000000000000000000000000000000000000000000000000000000000000000000000000000000000000000000000000000000000000000000000000111100000000000000000000000000000000000000000000000000000000000000000000000000000000000000000000000000000000000000000000000000000000000000000000000000000000000000000000000000000000000000000000000000000000000000000000000000000000000000000000000000000000000000000000000000000000000
000000000000000000000000000000000000000000000000000000000000000000000000000000000000000000000000000000000000000000000000000000000000000000000000000000000000000000000000000000000000000000000000000000000000000000000000000000000000000000000000000000000000000000000000000000000000000000000000000000000000000000000111100000000000000000000000000000000000000000000000000000000000000000000000000000000000000000000000000000000000000000000000000000000000000000000000000000000000000000000000000000000000000000000000000000000000000000000000000000000000000000000000000000000000000000000000000000000000
000000000000000000000000000000000000000000000000000000000000000000000000000000000000000000000000000000000000000000000000000000000000000000000000000000000000000000000000000000000000000000000000000000000000000000000000000000000000000000000000000000000000000000000000000000000000000000000000000000000000000000000011000000000000000000000000000000000000000000000000000000000000000000000000000000000000000000000000000000000000000000000000000000000000000000000000000000000000000000000000000000000000000000000000000000000000000000000000000000000000000000000000000000000000000000000000000000000000
001111000000000000000000000000000000000000000000000000000000000000000111100000111000000000000000000000000000000000000000000000000000000000000000000000000000000001111000000000000000000000000000000000000000000000000000000000000000000000000000000000000000111000000000000000000000000000000000000000000000000000000000000000000000000000000000000000000001111000000000000000000000000000000000000000000000000000000000000000000000000000000000000000000000000000000000000000000000000000000000000000000000000000000000000000000000000000000000000000000000000000000000000000000000000000000000000000000000
001111000000000000000000000000000000000000000000000000000000000000000111100000111000000000000000000000000000000000000000000000000000000000000000000000000000000001111000000000000000000000000000000000000000000000000000000000000000000000000000000000000000111000000000000000000000000000000000000000000000000000000000000000000000000000000000000000000001111000000000000000000000000000000000000000000000000000000000000000000000000000000000000000000000000000000000000000000000000000000000000000000000000000000000000000000000000000000000000000000000000000000000000000000000000000000000000000000000
001111000000000000000000000000000000000000000000000000000000000000000111100000111000000000000000000000000000000000000000000000000000000000000000000000000000000001111000000000000000000000000000000000000000000000000000000000000000000000000000000000000000111000011110000000000000000000000000000000000000000000000000000000000000000000000000000000000001111000000000000000000000000000000111100000000000000000000000000000000000000000000000000000000000000000000000000000000001111000000000000000000000000000000000000001111000000000000000000000000000000000000000000000000000000000000000000000000000
001111000000000000000000000000000000000000000000000000000000000000000111100000111000000000000000000000000000000000000000000000000000000000000000000000000000000001111000000000000000000000000000000000000000000000000000000000000000000000000000000000000000111000011110000000000000000000000000000000000000000000000000000000000000000000000000000000000001111000000000000000000000000000000111100000000000000000000000000000000000000000000000000000000000000000000000000000000001111000000000000000000000000000000000000001111000000000000000000000000000000000000000000000000000000000000000000000000000
001111000000000000000000000000000000000000000000000000000000000000000111100000111000000000000000000000000000000000000000000000000000000000000000000000000000000001111000000000000000000000000000000000000000000000000000000000000000000000000000000000000000000000011110000000000000000000000000000000000000000000000000000000000000000000000000000000000001111000000000000000000000000000000111100000000000000000000000000000000000000000000000000000000000000000000000000000000001111000000000000000000000000000000000000001111000000000000000000000000000000000000000000000000000000000000000000000000000
001111000000000000000000000000000000000000000000000000000000000000000111100000111000000000000000000000000000000000000000000000000000000000000000000000000000000001111000000000000000000000000000000000000000000000000000000000000000000000000000000000000000000000011110000000000000000000000000000000000000000000000000000000000000000000000000000000000001111000000000000000000000000000000111100000000000000000000000000000000000000000000000000000000000000000000000000000000001111000000000000000000000000000000000000001111000000000000000000000000000000000000000000000000000000000000000000000000000
001111001111100000000000111111100000000011000111110000000000001111100111100000111000000001111111000000000000000000001111111000000000110001111100000000000011111001111000000000000000110001111100000000000011111100000001110000000111000000011000000000000000110000111111111100000000000000110001111100000000000011111110000000000011111110000000000011111001111000000011111110000000000000001111111111000000011111100000000000000000001100011110000001111111000000000011111110000011111111110000001111111000000000110001111111111111110000000000000000000000000000000000000000000000000000000000000000000000
001111011111111000000011111111111000000111101111111100000000111111111111100000111000000011111111100000000000000000111111111110000001111011111111000000001111111111111000000000000001111011111111000000001111111111000001110000001111000000111000000000000000111000111111111100000000000001111011111111000000000111111111000000000111111111000000001111111111111000001111111111100000000000001111111111000001111111111000000000000000011111111111000011111111100000001111111111100011111111110000111111111110000001111111111111111111110000000000000000000000000000000000000000000000000000000000000000000000
001111111111111100000011111111111100000111111111111110000001111111111111100000111000000111111111110000000000000000111111111111000001111111111111100000011111111111111000000000000001111111111111100000011111111111100001111000001111100000111000000000000000111000111111111100000000000001111111111111100000001111111111100000001111111111100000011111111111111000011111111111100000000000001111111111000011111111111100000000000000011111111111000111111111110000011111111111100011111111110000111111111111000001111111111111111111110000000000000000000000000000000000000000000000000000000000000000000000
001111110000111100000010000000111100000111111000011110000001111000011111100000111000001111000001111000000000000000100000001111000001111110000111100000011110000111111000000000000001111110000111100000011110000011110000111000001111100000111000000000000000111000011110000000000000000001111110000111100000011110000011110000011110000011110000011110000111111000011100000001000000000000000111100000000011110000011110000000000000011111100000001111000001111000011100000001000001111000000000100000001111000001111110000001111000000000000000000000000000000000000000000000000000000000000000000000000000
001111100000011100000000000000011110000111110000001110000011110000001111100000111000011110000000111100000000000000000000000111100001111100000011100000111100000011111000000000000001111100000011100000111100000011110000111000011111100001111000000000000000111000011110000000000000000001111100000011100000111100000001111000111100000001111000111100000011111000011100000000000000000000000111100000000111100000011110000000000000011111000000011110000000111100011100000000000001111000000000000000000111100001111100000001111000000000000000000000000000000000000000000000000000000000000000000000000000
001111000000011110000000000000001110000111100000001111000011100000000111100000111000011100000000011100000000000000000000000011100001111000000011110000111000000001111000000000000001111000000011110000111000000001111000111100011101100001110000000000000000111000011110000000000000000001111000000011110000111000000000111000111000000000111000111000000001111000111100000000000000000000000111100000000111000000001111000000000000011110000000011100000000011100111100000000000001111000000000000000000011100001111000000001111000000000000000000000000000000000000000000000000000000000000000000000000000
001111000000011110000000001111111110000111100000001111000011100000000111100000111000011100000000011100000000000000000011111111100001111000000011110000111000000001111000000000000001111000000011110000111000000001111000011100011101110001110000000000000000111000011110000000000000000001111000000011110000111000000000111000111000000000111000111000000001111000011110000000000000000000000111100000000111000000001111000000000000011110000000011100000000011100011110000000000001111000000000000011111111100001111000000001111000000000000000000000000000000000000000000000000000000000000000000000000000
001111000000011110000001111111111110000111100000001111000111100000000111100000111000111111111111111100000000000000011111111111100001111000000011110001111000000001111000000000000001111000000011110001111000000001111000011100011101110011110000000000000000111000011110000000000000000001111000000011110001111111111111111001111111111111111001111000000001111000011111111000000000000000000111100000001111000000001111000000000000011110000000111111111111111100011111111000000001111000000000011111111111100001111000000001111000000000000000000000000000000000000000000000000000000000000000000000000000
001111000000011110000011111111111110000111100000001111000111100000000111100000111000111111111111111100000000000000111111111111100001111000000011110001111000000001111000000000000001111000000011110001111000000000111000011100111001110011100000000000000000111000011110000000000000000001111000000011110001111111111111111001111111111111111001111000000001111000001111111110000000000000000111100000001111000000000111000000000000011110000000111111111111111100001111111110000001111000000000111111111111100001111000000001111000000000000000000000000000000000000000000000000000000000000000000000000000
001111000000011110000111100000001110000111100000001111000111100000000111100000111000111111111111111100000000000001111000000011100001111000000011110001111000000001111000000000000001111000000011110001111000000000111000011110111000110011100000000000000000111000011110000000000000000001111000000011110001111111111111111001111111111111111001111000000001111000000011111111000000000000000111100000001111000000000111000000000000011110000000111111111111111100000011111111000001111000000001111000000011100001111000000001111000000000000000000000000000000000000000000000000000000000000000000000000000
001111000000011110000111000000001110000111100000001111000111100000000111100000111000111100000000000000000000000001110000000011100001111000000011110001111000000001111000000000000001111000000011110001111000000001111000001110111000111011100000000000000000111000011110000000000000000001111000000011110001111000000000000001111000000000000001111000000001111000000000001111100000000000000111100000001111000000001111000000000000011110000000111100000000000000000000001111100001111000000001110000000011100001111000000001111000000000000000000000000000000000000000000000000000000000000000000000000000
001111000000011110000111000000011110000111100000001111000011100000000111100000111000011100000000000000000000000001110000000111100001111000000011110000111000000001111000000000000001111000000011110000111000000001111000001110110000111111100000000000000000111000001110000000000000000001111000000011110000111000000000000000111000000000000000111000000001111000000000000011100000000000000011100000000111000000001111000000000000011110000000011100000000000000000000000011100000111000000001110000000111100001111000000000111000000000000000000000000000000000000000000000000000000000000000000000000000
001111000000011110000111000000011110000111100000001111000011100000000111100000111000011110000000000000000000000001110000000111100001111000000011110000111000000001111000000000000001111000000011110000111100000001110000001111110000111111000000000000000000111000001110000000000000000001111000000011110000111100000000000000111100000000000000111000000001111000000000000011100000000000000011100000000111100000001110000000000000011110000000011110000000000000000000000011100000111000000001110000000111100001111000000000111000000000000000000000000000000000000000000000000000000000000000000000000000
001111000000011110000111000000111110000111100000001111000011110000001111100000111000011110000000000000000000000001110000001111100001111000000011110000111100000011111000000000000001111000000011110000111100000011110000001111110000011111000000000000000000111000001110000000000000000001111000000011110000111100000000000000111100000000000000111100000011111000000000000011100000000000000011100000000111100000011110000000000000011110000000011110000000000000000000000011100000111000000001110000001111100001111000000000111000000000111000000000000000000000000000000000000000000000000000000000000000
001111000000011110000111100001111110000111100000001111000001111000011111100000111000001111100000111100000000000001111000011111100001111000000011110000011110000111111000000000000001111000000011110000011110000111100000000111110000011111000000000000000000111000001111111100000000000001111000000011110000011111000001111000011111000001111000011110000111111000111100000111100000000000000011111111000011110000111100000000000000011110000000001111100000111100111100000111100000111111110001111000011111100001111000000000111111110000111100000000000000000000000000000000000000000000000000000000000000
001111000000011110000011111111111110000111100000001111000000111111111111100000111000000111111111111100000000000000111111111111100001111000000011110000001111111111111000000000000001111000000011110000001111111111100000000111100000011111000000000000000000111000001111111100000000000001111000000011110000001111111111111000001111111111111000001111111111111000111111111111000000000000000011111111000001111111111100000000000000011110000000000111111111111100111111111111000000111111110000111111111111100001111000000000111111110000111100000000000000000000000000000000000000000000000000000000000000
001111000000011110000001111111001110000111100000001111000000011111110111100000111000000011111111111000000000000000011111110011100001111000000011110000000111111101111000000000000001111000000011110000000111111110000000000111100000011110000000000000000000111000000111111100000000000001111000000011110000000111111111110000000111111111110000000111111101111000011111111110000000000000000001111111000000111111110000000000000000011110000000000011111111111000011111111110000000011111110000011111110011100001111000000000011111110000111100000000000000000000000000000000000000000000000000000000000000
000000000000000000000000011100000000000000000000000000000000000111000000000000000000000000011111000000000000000000000111000000000000000000000000000000000001110000000000000000000000000000000000000000000001111000000000000000000000000000000000000000000000000000000000000000000000000000000000000000000000000000111110000000000000111110000000000001110000000000000011111000000000000000000000000000000000001111000000000000000000000000000000000000011111000000000011111000000000000000000000000111000000000000000000000000000000000000000000000000000000000000000000000000000000000000000000000000000000
